1761414364809 28386027.360997297 0
1761414364809 28386027.360997297 0
1761414368395 27217973.436421968 0
1761414364809 28386027.360997297 0
1761414364809 28386027.360997297 0
1761414368395 27217973.436421968 0
1761414372066 26884303.484523326 0
1761414364809 28386027.360997297 0
1761414364809 28386027.360997297 0
1761414368395 27217973.436421968 0
1761414364809 28386027.360997297 0
1761414364809 28386027.360997297 0
1761414368395 27217973.436421968 0
1761414372066 26884303.484523326 0
1761414375686 40808913.04347826 0
1761414364809 28386027.360997297 0
1761414364809 28386027.360997297 0
1761414368395 27217973.436421968 0
1761414364809 28386027.360997297 0
1761414364809 28386027.360997297 0
1761414368395 27217973.436421968 0
1761414372066 26884303.484523326 0
1761414364809 28386027.360997297 0
1761414364809 28386027.360997297 0
1761414368395 27217973.436421968 0
1761414364809 28386027.360997297 0
1761414364809 28386027.360997297 0
1761414368395 27217973.436421968 0
1761414372066 26884303.484523326 0
1761414375686 40808913.04347826 0
1761414379248 88838046.77054301 0
1761414364809 28386027.360997297 0
1761414364809 28386027.360997297 0
1761414368395 27217973.436421968 0
1761414364809 28386027.360997297 0
1761414364809 28386027.360997297 0
1761414368395 27217973.436421968 0
1761414372066 26884303.484523326 0
1761414364809 28386027.360997297 0
1761414364809 28386027.360997297 0
1761414368395 27217973.436421968 0
1761414364809 28386027.360997297 0
1761414364809 28386027.360997297 0
1761414368395 27217973.436421968 0
1761414372066 26884303.484523326 0
1761414375686 40808913.04347826 0
1761414364809 28386027.360997297 0
1761414364809 28386027.360997297 0
1761414368395 27217973.436421968 0
1761414364809 28386027.360997297 0
1761414364809 28386027.360997297 0
1761414368395 27217973.436421968 0
1761414372066 26884303.484523326 0
1761414364809 28386027.360997297 0
1761414364809 28386027.360997297 0
1761414368395 27217973.436421968 0
1761414364809 28386027.360997297 0
1761414364809 28386027.360997297 0
1761414368395 27217973.436421968 0
1761414372066 26884303.484523326 0
1761414375686 40808913.04347826 0
1761414379248 88838046.77054301 0
