1761414364806 0.6586393086185371 0 56c3c11c4aa845d68429bbc12834fb88
1761414364806 0.6586393086185371 0 56c3c11c4aa845d68429bbc12834fb88
1761414368391 0.6726859270548923 0 56c3c11c4aa845d68429bbc12834fb88
1761414364806 0.6586393086185371 0 56c3c11c4aa845d68429bbc12834fb88
1761414364806 0.6586393086185371 0 56c3c11c4aa845d68429bbc12834fb88
1761414368391 0.6726859270548923 0 56c3c11c4aa845d68429bbc12834fb88
1761414372062 0.6766985281851878 0 56c3c11c4aa845d68429bbc12834fb88
1761414364806 0.6586393086185371 0 56c3c11c4aa845d68429bbc12834fb88
1761414364806 0.6586393086185371 0 56c3c11c4aa845d68429bbc12834fb88
1761414368391 0.6726859270548923 0 56c3c11c4aa845d68429bbc12834fb88
1761414364806 0.6586393086185371 0 56c3c11c4aa845d68429bbc12834fb88
1761414364806 0.6586393086185371 0 56c3c11c4aa845d68429bbc12834fb88
1761414368391 0.6726859270548923 0 56c3c11c4aa845d68429bbc12834fb88
1761414372062 0.6766985281851878 0 56c3c11c4aa845d68429bbc12834fb88
1761414375680 0.5092459189908176 0 56c3c11c4aa845d68429bbc12834fb88
1761414364806 0.6586393086185371 0 56c3c11c4aa845d68429bbc12834fb88
1761414364806 0.6586393086185371 0 56c3c11c4aa845d68429bbc12834fb88
1761414368391 0.6726859270548923 0 56c3c11c4aa845d68429bbc12834fb88
1761414364806 0.6586393086185371 0 56c3c11c4aa845d68429bbc12834fb88
1761414364806 0.6586393086185371 0 56c3c11c4aa845d68429bbc12834fb88
1761414368391 0.6726859270548923 0 56c3c11c4aa845d68429bbc12834fb88
1761414372062 0.6766985281851878 0 56c3c11c4aa845d68429bbc12834fb88
1761414364806 0.6586393086185371 0 56c3c11c4aa845d68429bbc12834fb88
1761414364806 0.6586393086185371 0 56c3c11c4aa845d68429bbc12834fb88
1761414368391 0.6726859270548923 0 56c3c11c4aa845d68429bbc12834fb88
1761414364806 0.6586393086185371 0 56c3c11c4aa845d68429bbc12834fb88
1761414364806 0.6586393086185371 0 56c3c11c4aa845d68429bbc12834fb88
1761414368391 0.6726859270548923 0 56c3c11c4aa845d68429bbc12834fb88
1761414372062 0.6766985281851878 0 56c3c11c4aa845d68429bbc12834fb88
1761414375680 0.5092459189908176 0 56c3c11c4aa845d68429bbc12834fb88
1761414379244 -0.06833607538331643 0 56c3c11c4aa845d68429bbc12834fb88
